[[202 202] [203 210]]
[[206 206] [207 208]]
[[209 210] [211 213]]
[[209 209] [210 213]]
[[208 207] [207 208]]
[[201 201] [202 207]]
[[181 181] [182 184]]
[[180 188] [189 204]]
[[224 221] [221 222]]
[[189 188] [188 190]]
[[202 200] [200 201]]
[[196 196] [197 200]]
[[206 204] [204 203]]
[[205 204] [204 205]]
[[201 201] [202 203]]
[[197 197] [198 202]]
[[178 178] [179 181]]
[[177 177] [178 183]]
[[202 201] [201 202]]
[[199 199] [200 202]]
[[206 206] [207 210]]
[[201 201] [202 205]]
[[195 195] [195 196]]
[[202 199] [199 200]]
[[200 200] [201 206]]
[[188 182] [182 185]]
[[203 203] [204 205]]
[[191 191] [192 194]]
[[193 193] [194 195]]
[[198 198] [199 199]]
[[208 205] [205 205]]
[[217 200] [200 197]]
[[198 198] [199 204]]
[[205 200] [200 198]]
[[211 208] [208 209]]
[[201 200] [200 203]]
[[191 194] [194 198]]
[[194 192] [192 193]]
[[194 193] [193 195]]
[[203 203] [204 205]]
[[203 203] [204 205]]
[[206 206] [207 208]]
[[210 210] [211 212]]
[[207 206] [206 207]]
[[210 212] [212 214]]
[[206 206] [207 208]]
[[203 203] [204 210]]
[[201 201] [202 203]]
[[194 194] [195 196]]
[[200 200] [201 206]]
[[201 197] [197 197]]
[[180 180] [181 193]]
[[182 182] [183 195]]
[[206 206] [207 208]]
[[205 205] [206 208]]
[[199 199] [200 201]]
[[194 191] [191 190]]
[[194 194] [195 197]]
[[190 190] [191 195]]
[[192 192] [193 197]]
[[205 205] [206 207]]
[[205 206] [206 208]]
[[206 205] [205 206]]
[[207 207] [208 210]]
[[204 204] [205 206]]
[[198 198] [199 202]]
[[195 195] [196 204]]
[[189 185] [185 184]]
[[192 188] [188 187]]
[[202 202] [203 205]]
[[207 208] [208 209]]
[[201 201] [202 203]]
[[208 207] [207 208]]
[[202 205] [205 208]]
[[198 199] [200 206]]
[[204 204] [205 206]]
[[190 190] [191 194]]
[[204 205] [205 208]]
[[210 208] [208 209]]
[[209 210] [210 212]]
[[196 197] [197 199]]
[[193 193] [194 197]]
[[198 199] [199 203]]
[[187 185] [185 187]]
[[190 191] [191 195]]
[[198 198] [199 204]]
[[200 200] [201 206]]
[[203 198] [198 200]]
[[207 206] [206 206]]
[[203 203] [204 205]]
[[208 207] [207 208]]
[[212 211] [211 211]]
[[207 209] [209 211]]
[[206 206] [207 211]]
[[200 204] [204 210]]
[[205 200] [200 201]]
[[184 188] [188 193]]
[[194 193] [193 194]]
[[188 188] [189 193]]
[[206 206] [207 208]]
[[205 205] [206 209]]
[[205 207] [207 210]]
[[207 206] [206 207]]
[[207 205] [205 204]]
[[180 180] [181 182]]
[[175 176] [177 181]]
[[184 184] [185 186]]
[[202 202] [203 205]]
[[205 200] [200 201]]
[[210 209] [209 210]]
[[209 210] [211 213]]
[[204 204] [205 206]]
[[197 196] [196 197]]
[[203 202] [202 204]]
[[184 183] [183 184]]
[[182 184] [184 189]]
[[187 186] [186 187]]
[[194 191] [191 192]]
[[204 204] [205 207]]
[[202 203] [203 204]]
[[203 203] [204 206]]
[[202 202] [203 205]]
[[215 214] [214 214]]
[[212 212] [212 213]]
[[208 207] [207 207]]
[[209 209] [210 212]]
[[199 199] [200 203]]
[[204 206] [206 209]]
[[201 201] [202 204]]
[[203 203] [204 204]]
[[207 207] [208 210]]
[[204 204] [205 206]]
[[202 202] [203 205]]
[[209 209] [210 214]]
[[201 202] [203 205]]
[[199 202] [202 208]]
[[190 190] [191 198]]
[[198 197] [197 198]]
[[212 210] [210 210]]
[[208 208] [209 210]]
[[209 209] [210 211]]
[[201 201] [202 207]]
[[210 208] [208 209]]
[[209 210] [211 213]]
[[199 199] [200 203]]
[[209 209] [210 211]]
[[194 189] [189 187]]
[[186 181] [181 178]]
[[207 208] [208 209]]
[[207 208] [208 209]]
[[208 208] [209 210]]
[[210 207] [207 206]]
[[212 212] [213 214]]
[[211 211] [212 213]]
[[210 212] [212 214]]
[[209 210] [210 213]]
[[190 192] [192 195]]
[[186 186] [187 190]]
[[191 191] [192 195]]
[[207 207] [208 209]]
[[210 207] [207 206]]
[[210 208] [208 208]]
[[215 211] [211 210]]
[[211 210] [210 210]]
[[214 214] [215 216]]
[[205 205] [206 209]]
[[201 201] [202 203]]
[[189 188] [188 189]]
[[193 193] [194 202]]
[[184 184] [185 187]]
[[178 178] [179 182]]
[[202 201] [201 202]]
[[203 202] [202 202]]
[[202 202] [203 205]]
[[207 206] [206 207]]
[[205 206] [206 208]]
[[210 208] [208 209]]
[[205 205] [206 208]]
[[207 208] [208 209]]
[[172 172] [173 179]]
[[191 191] [192 193]]
[[207 204] [204 205]]
[[208 205] [205 203]]
[[207 209] [210 212]]
[[200 200] [201 203]]
[[204 204] [205 206]]
[[209 209] [210 211]]
[[211 210] [210 211]]
[[210 210] [211 212]]
[[210 211] [211 212]]
[[207 207] [208 209]]
[[205 205] [206 208]]
[[203 203] [204 207]]
[[213 211] [211 211]]
[[202 198] [198 202]]
[[180 182] [182 187]]
[[197 196] [196 200]]
[[210 207] [207 206]]
[[206 205] [205 205]]
[[207 208] [208 209]]
[[206 206] [207 208]]
[[211 209] [209 208]]
[[203 203] [204 205]]
[[206 206] [206 207]]
[[209 209] [210 211]]
[[210 211] [211 212]]
[[215 213] [213 212]]
[[212 213] [214 215]]
[[209 209] [210 211]]
[[208 208] [209 212]]
[[210 211] [211 213]]
[[210 205] [205 203]]
[[202 202] [203 206]]
[[169 168] [168 171]]
[[192 192] [193 195]]
[[207 207] [208 210]]
[[203 202] [202 202]]
[[210 208] [208 209]]
[[208 207] [207 207]]
[[206 206] [207 208]]
[[212 212] [212 213]]
[[210 208] [208 209]]
[[209 209] [210 212]]
[[206 206] [207 208]]
[[207 207] [208 209]]
[[210 208] [208 208]]
[[213 213] [214 215]]
[[206 206] [207 209]]
[[197 197] [198 203]]
[[204 204] [205 206]]
[[209 209] [210 211]]
[[209 209] [210 211]]
[[208 208] [209 210]]
[[209 209] [210 211]]
[[207 207] [208 210]]
[[202 202] [203 206]]
[[198 198] [199 201]]
[[196 197] [197 198]]
[[208 208] [209 211]]
[[208 208] [209 211]]
[[212 212] [212 213]]
[[213 212] [212 213]]
[[212 212] [213 215]]
[[210 210] [211 212]]
[[199 199] [200 201]]
[[210 211] [211 212]]
[[206 201] [201 197]]
[[198 198] [199 201]]
[[200 200] [201 202]]
[[204 204] [205 207]]
[[213 212] [212 213]]
[[215 213] [213 212]]
[[205 207] [207 210]]
[[210 201] [201 195]]
[[177 177] [178 182]]
[[206 205] [205 206]]
[[203 203] [204 205]]
[[206 206] [207 208]]
[[212 212] [213 214]]
[[198 198] [199 200]]
[[205 204] [204 204]]
[[203 203] [204 205]]
[[206 207] [207 210]]
[[201 201] [202 203]]
[[207 207] [208 209]]
[[212 211] [211 211]]
[[213 212] [212 213]]
[[212 212] [212 213]]
[[185 188] [188 194]]
[[175 176] [177 179]]
[[203 203] [204 206]]
[[202 200] [200 201]]
[[206 206] [207 208]]
[[206 206] [206 207]]
[[204 204] [205 206]]
[[210 208] [208 209]]
[[208 207] [207 209]]
[[210 209] [209 210]]
[[208 208] [209 210]]
[[210 210] [211 212]]
[[186 184] [184 185]]
[[208 208] [209 210]]
[[204 204] [205 208]]
[[192 192] [193 196]]
[[201 205] [205 210]]
[[213 211] [211 210]]
[[214 213] [213 213]]
[[189 192] [192 200]]
[[169 168] [168 169]]
[[206 206] [207 208]]
[[204 205] [205 207]]
[[205 207] [207 210]]
[[191 191] [192 196]]
[[208 205] [205 204]]
[[202 205] [205 208]]
[[195 195] [196 197]]
[[199 199] [200 205]]
[[205 203] [203 204]]
[[210 208] [208 208]]
[[207 208] [208 209]]
[[212 210] [210 209]]
[[216 215] [215 216]]
[[213 212] [212 214]]
[[210 210] [211 212]]
[[189 186] [186 191]]
[[206 205] [205 206]]
[[207 208] [208 209]]
[[206 206] [207 208]]
[[204 205] [205 207]]
[[200 200] [201 202]]
[[202 194] [194 190]]
[[193 193] [194 195]]
[[206 206] [206 207]]
[[195 195] [196 197]]
[[200 201] [201 204]]
[[198 198] [199 201]]
[[201 201] [202 203]]
[[208 208] [209 210]]
[[208 208] [209 210]]
[[210 211] [211 212]]
[[208 208] [209 211]]
[[195 195] [196 198]]
[[205 204] [204 204]]
[[207 206] [206 207]]
[[208 208] [209 210]]
[[205 204] [204 206]]
[[206 205] [205 207]]
[[205 203] [203 204]]
[[202 202] [203 204]]
[[190 191] [191 194]]
[[207 206] [206 208]]
[[207 207] [208 209]]
[[210 211] [211 212]]
[[187 187] [188 191]]
[[202 202] [203 204]]
[[198 198] [199 202]]
[[197 197] [198 199]]
[[206 206] [207 208]]
[[205 205] [206 209]]
[[205 204] [204 207]]
[[204 204] [205 206]]
[[208 208] [209 210]]
[[191 192] [193 194]]
[[200 201] [201 205]]
[[200 200] [201 202]]
[[203 202] [202 205]]
[[207 209] [209 211]]
[[212 212] [212 213]]
[[207 207] [208 209]]
[[210 211] [211 212]]
[[207 206] [206 206]]
[[207 208] [208 209]]
[[201 199] [199 201]]
[[199 199] [200 203]]
[[207 208] [208 210]]
[[197 197] [198 200]]
[[192 192] [193 197]]
[[196 193] [193 194]]
[[193 193] [194 197]]
[[198 198] [199 200]]
[[203 203] [204 205]]
[[200 200] [201 202]]
[[205 203] [203 204]]
[[206 206] [207 208]]
[[211 210] [210 211]]
[[197 197] [198 201]]
[[203 203] [204 207]]
[[202 202] [203 204]]
[[200 200] [201 202]]
[[210 208] [208 209]]
[[206 205] [205 208]]
[[202 203] [203 206]]
[[203 203] [204 204]]
[[207 209] [209 212]]
[[202 202] [203 205]]
[[205 203] [203 204]]
[[211 210] [210 210]]
[[202 203] [203 204]]
[[205 205] [206 207]]
[[198 196] [196 199]]
[[206 204] [204 203]]
[[194 192] [192 193]]
[[190 190] [191 192]]
[[205 203] [203 202]]
[[205 206] [206 208]]
[[204 204] [205 206]]
[[210 209] [209 210]]
[[210 212] [212 214]]
[[212 214] [214 216]]
[[209 210] [211 213]]
[[203 203] [204 205]]
[[207 207] [208 211]]
[[208 207] [207 208]]
[[201 203] [203 208]]
[[204 204] [205 206]]
[[192 192] [193 194]]
[[205 205] [206 207]]
[[205 205] [206 207]]
[[206 206] [207 209]]
[[208 208] [209 210]]
[[210 210] [211 212]]
[[216 214] [214 213]]
[[212 211] [211 211]]
[[204 204] [205 206]]
[[206 205] [205 205]]
[[205 203] [203 203]]
[[195 195] [196 199]]
[[181 182] [183 192]]
[[197 196] [196 197]]
[[201 198] [198 197]]
[[191 191] [192 198]]
[[206 206] [206 207]]
[[212 212] [213 214]]
[[211 211] [212 213]]
[[218 215] [215 214]]
[[204 204] [205 206]]
[[206 205] [205 205]]
[[208 207] [207 208]]
[[206 206] [207 209]]
[[204 204] [205 206]]
[[202 203] [203 205]]
[[203 203] [204 205]]
[[199 199] [199 204]]
[[207 207] [208 209]]
[[209 209] [210 211]]
[[211 211] [212 213]]
[[213 212] [212 213]]
[[214 213] [213 214]]
[[214 213] [213 213]]
[[206 205] [205 207]]
[[208 207] [207 207]]
[[203 203] [204 206]]
[[208 208] [209 210]]
[[207 207] [208 209]]
[[201 200] [200 201]]
[[194 195] [195 199]]
[[196 197] [197 200]]
[[201 201] [202 204]]
[[210 207] [207 207]]
[[214 214] [215 216]]
[[204 204] [205 206]]
[[207 206] [206 207]]
[[202 202] [203 204]]
[[207 206] [206 208]]
[[200 200] [201 202]]
[[196 195] [195 196]]
[[202 202] [203 204]]
[[200 200] [201 202]]
[[214 213] [213 213]]
[[205 205] [206 207]]
[[203 203] [204 204]]
[[208 207] [207 207]]
[[215 214] [214 214]]
[[208 207] [207 207]]
[[200 200] [201 202]]
[[193 192] [192 193]]
[[207 206] [206 207]]
[[193 193] [194 196]]
[[211 211] [212 213]]
[[199 199] [200 202]]
[[203 203] [204 205]]
[[201 199] [199 200]]
[[183 183] [184 185]]
[[205 204] [204 204]]
[[196 200] [200 204]]
[[208 205] [205 203]]
[[202 202] [203 206]]
[[189 189] [190 193]]
[[199 197] [197 198]]
[[200 200] [201 202]]
[[198 198] [199 200]]
[[204 204] [205 210]]
[[206 206] [206 207]]
[[215 214] [214 214]]
[[210 205] [205 205]]
[[204 204] [205 207]]
[[203 203] [204 205]]
[[198 198] [199 201]]
[[201 202] [203 204]]
[[199 199] [200 202]]
[[196 196] [197 201]]
[[201 199] [199 200]]
[[203 203] [204 204]]
[[193 193] [194 197]]
[[194 194] [195 196]]
[[202 199] [199 201]]
[[201 198] [198 197]]
[[200 201] [201 204]]
[[206 206] [206 207]]
[[203 203] [204 207]]
[[208 207] [207 207]]
[[203 203] [204 204]]
[[210 212] [212 214]]
[[207 208] [208 209]]
[[208 208] [209 210]]
[[209 209] [210 211]]
[[205 204] [204 204]]
[[192 195] [195 198]]
[[200 201] [201 203]]
[[204 204] [205 206]]
[[191 191] [192 193]]
[[195 195] [196 198]]
[[203 203] [204 204]]
[[197 197] [198 199]]
[[192 192] [193 194]]
[[200 200] [201 203]]
[[200 200] [201 203]]
[[203 203] [204 204]]
[[205 204] [204 204]]
[[206 205] [205 206]]
[[207 208] [209 211]]
[[206 206] [207 208]]
[[202 202] [203 206]]
[[205 203] [203 202]]
[[205 205] [206 207]]
[[213 212] [212 212]]
[[209 209] [210 211]]
[[206 206] [207 208]]
[[206 206] [207 208]]
[[205 206] [206 209]]
[[205 204] [204 205]]
[[203 202] [202 203]]
[[199 199] [200 202]]
[[195 195] [196 197]]
[[202 203] [203 204]]
[[203 203] [204 204]]
[[205 203] [203 203]]
[[205 202] [202 204]]
[[204 204] [205 206]]
[[206 206] [207 209]]
[[202 202] [203 205]]
[[210 204] [204 201]]
[[203 202] [202 203]]
[[213 212] [212 212]]
[[206 205] [205 205]]
[[204 204] [205 206]]
[[198 198] [199 200]]
[[199 199] [200 201]]
[[203 202] [202 202]]
[[196 196] [197 198]]
[[200 200] [201 203]]
[[203 203] [204 204]]
[[203 202] [202 205]]
[[205 203] [203 204]]
[[205 205] [206 209]]
[[210 208] [208 208]]
[[206 206] [207 208]]
[[208 208] [209 210]]
[[199 199] [200 201]]
[[194 194] [195 197]]
[[198 198] [199 200]]
[[195 195] [196 197]]
[[198 198] [199 201]]
[[199 199] [200 203]]
[[186 186] [187 189]]
[[196 193] [193 197]]
[[210 207] [207 208]]
[[203 203] [204 204]]
[[204 204] [205 206]]
[[209 209] [210 211]]
[[201 200] [200 201]]
[[196 196] [197 199]]
[[190 192] [192 196]]
[[191 191] [192 194]]
[[203 202] [202 202]]
[[203 202] [202 204]]
[[207 208] [208 210]]
[[207 206] [206 207]]
[[202 204] [204 206]]
[[201 199] [199 200]]
[[200 200] [201 204]]
[[206 206] [206 207]]
[[193 190] [190 192]]
[[192 193] [194 197]]
[[189 189] [190 195]]
[[192 192] [193 195]]
[[194 194] [195 195]]
[[196 197] [197 198]]
[[198 200] [200 203]]
[[199 199] [200 203]]
[[210 206] [206 204]]
[[203 203] [204 207]]
[[205 205] [206 207]]
[[214 215] [216 217]]
[[209 210] [210 213]]
[[198 197] [197 199]]
[[198 200] [200 203]]
[[198 198] [199 201]]
[[198 199] [199 201]]
[[206 204] [204 204]]
[[203 202] [202 203]]
[[208 208] [209 210]]
[[207 204] [204 202]]
[[206 206] [207 209]]
[[202 200] [200 201]]
[[202 202] [203 208]]
[[197 191] [191 191]]
[[212 212] [212 213]]
[[210 210] [211 213]]
[[212 212] [213 214]]
[[198 198] [199 200]]
[[201 203] [203 207]]
[[202 202] [203 204]]
[[203 203] [204 205]]
[[198 198] [199 199]]
[[199 199] [200 201]]
[[198 198] [199 201]]
[[200 200] [201 202]]
[[197 197] [198 201]]
[[212 212] [213 214]]
[[214 213] [213 214]]
[[211 211] [212 213]]
[[201 201] [202 203]]
[[195 195] [196 198]]
[[199 198] [198 199]]
[[207 204] [204 202]]
[[205 203] [203 205]]
[[201 201] [202 205]]
[[208 207] [207 207]]
[[210 209] [209 211]]
[[200 200] [201 203]]
[[200 200] [201 203]]
[[207 208] [208 209]]
[[202 204] [204 206]]
[[202 198] [198 197]]
[[203 203] [204 204]]
[[194 195] [195 197]]
[[198 198] [199 204]]
[[209 209] [210 211]]
[[214 213] [213 214]]
[[203 203] [204 205]]
[[206 203] [203 201]]
[[202 202] [203 204]]
[[202 202] [203 204]]
[[197 197] [198 199]]
[[198 198] [199 200]]
[[198 197] [197 198]]
[[203 202] [202 203]]
[[212 213] [214 215]]
[[212 212] [213 214]]
[[216 215] [215 215]]
[[215 214] [214 215]]
[[215 215] [216 217]]
[[201 199] [199 198]]
[[207 205] [205 204]]
[[199 199] [200 201]]
[[200 200] [201 203]]
[[203 203] [204 206]]
[[206 207] [207 209]]
[[206 205] [205 205]]
[[202 202] [203 204]]
[[205 206] [206 208]]
[[212 212] [213 214]]
[[214 214] [215 216]]
[[207 208] [208 209]]
[[206 206] [207 209]]
[[202 202] [203 204]]
[[199 200] [201 205]]
[[202 202] [203 205]]
[[208 207] [207 208]]
[[203 203] [204 204]]
[[206 206] [206 207]]
[[208 208] [209 210]]
[[203 203] [204 204]]
[[207 206] [206 207]]
[[212 212] [213 214]]
[[214 214] [215 215]]
[[216 216] [217 218]]
[[210 207] [207 208]]
[[207 206] [206 206]]
[[201 201] [202 204]]
[[203 200] [200 198]]
[[196 196] [197 199]]
[[201 201] [202 204]]
[[201 201] [202 203]]
[[206 206] [207 208]]
[[201 201] [202 203]]
[[204 204] [205 207]]
[[208 207] [207 207]]
[[214 214] [215 215]]
[[196 196] [197 200]]
[[203 203] [204 205]]
[[197 197] [198 199]]
[[203 202] [202 204]]
[[205 202] [202 204]]
[[204 204] [205 206]]
[[204 204] [205 206]]
[[206 206] [207 209]]
[[207 207] [208 210]]
[[215 214] [214 214]]
[[207 207] [208 210]]
[[205 205] [206 208]]
[[210 211] [211 212]]
[[89 88] [88 94]]
[[201 199] [199 199]]
[[201 201] [202 204]]
[[201 200] [200 201]]
[[205 204] [204 206]]
[[201 200] [200 201]]
[[208 208] [209 210]]
[[212 212] [212 213]]
[[212 212] [213 214]]
[[214 214] [215 215]]
[[215 214] [214 215]]
[[215 215] [216 217]]
[[199 199] [200 202]]
[[195 195] [196 197]]
[[198 198] [199 201]]
[[205 204] [204 204]]
[[203 202] [202 202]]
[[201 201] [202 204]]
[[205 205] [206 207]]
[[213 213] [214 215]]
[[210 211] [211 212]]
[[210 208] [208 209]]
[[214 213] [213 213]]
[[212 212] [213 214]]
[[76 76] [77 83]]
[[205 204] [204 205]]
[[201 200] [200 201]]
[[210 208] [208 209]]
[[204 204] [205 206]]
[[210 208] [208 209]]
[[215 214] [214 214]]
[[209 211] [212 215]]
[[205 206] [206 208]]
[[209 209] [210 211]]
[[213 213] [214 215]]
[[207 206] [206 207]]
[[82 82] [83 84]]
[[196 197] [197 198]]
[[193 193] [194 196]]
[[192 192] [193 194]]
[[198 198] [199 200]]
[[203 203] [204 205]]
[[212 210] [210 210]]
[[216 215] [215 216]]
[[203 203] [204 206]]
[[202 202] [203 204]]
[[202 202] [203 204]]
[[190 190] [191 193]]
[[205 204] [204 206]]
[[208 208] [209 210]]
[[213 212] [212 213]]
[[218 217] [217 217]]
[[206 206] [207 209]]
[[207 209] [209 212]]
[[212 212] [213 214]]
[[217 216] [216 217]]
[[200 200] [201 203]]
[[214 214] [215 217]]
[[86 86] [87 90]]
[[205 204] [204 204]]
[[202 199] [199 197]]
[[193 193] [194 196]]
[[204 204] [205 206]]
[[203 203] [204 205]]
[[213 212] [212 213]]
[[214 214] [215 215]]
[[215 215] [216 217]]
[[214 214] [215 215]]
[[204 204] [205 207]]
[[209 209] [210 211]]
[[92 89] [89 90]]
[[85 85] [86 90]]
[[202 203] [203 204]]
[[200 200] [201 202]]
[[214 214] [215 215]]
[[217 215] [215 216]]
[[216 215] [215 216]]
[[210 209] [209 210]]
[[210 210] [211 212]]
[[215 215] [216 217]]
[[213 213] [214 215]]
[[88 89] [89 91]]
[[84 83] [83 83]]
[[81 81] [82 89]]
[[194 193] [193 193]]
[[202 202] [203 204]]
[[203 203] [204 205]]
[[219 218] [218 219]]
[[206 206] [207 208]]
[[88 86] [86 85]]
[[76 76] [77 79]]
[[194 194] [195 196]]
[[195 195] [196 197]]
[[199 199] [200 201]]
[[206 205] [205 205]]
[[202 199] [199 199]]
[[210 211] [211 212]]
[[213 213] [214 215]]
[[213 213] [214 216]]
[[202 202] [203 204]]
[[197 196] [196 197]]
[[195 195] [196 197]]
[[196 198] [198 201]]
[[195 195] [196 199]]
[[201 199] [199 200]]
[[201 200] [200 201]]
[[207 205] [205 204]]
[[203 202] [202 203]]
[[206 206] [207 208]]
[[215 215] [216 217]]
[[199 199] [200 202]]
[[210 208] [208 208]]
[[208 208] [209 213]]
[[93 93] [94 96]]
[[88 87] [87 89]]
[[86 88] [88 91]]
[[83 83] [84 85]]
[[199 199] [200 201]]
[[202 204] [204 207]]
[[200 200] [201 202]]
[[202 202] [203 206]]
[[206 206] [207 208]]
[[208 208] [209 211]]
[[203 203] [204 211]]
[[197 197] [198 202]]
[[201 202] [203 204]]
[[196 195] [195 196]]
[[194 194] [195 196]]
[[196 200] [200 205]]
[[199 197] [197 198]]
[[210 207] [207 206]]
[[203 203] [204 204]]
[[211 211] [212 213]]
[[209 210] [210 213]]
[[212 211] [211 213]]
[[208 208] [209 210]]
[[206 206] [207 209]]
[[202 203] [203 205]]
[[95 93] [93 93]]
[[202 203] [204 207]]
[[200 201] [201 203]]
[[201 201] [202 204]]
[[206 205] [205 205]]
[[207 207] [208 209]]
[[208 208] [209 210]]
[[208 208] [209 210]]
[[208 208] [209 210]]
[[84 83] [83 85]]
[[204 204] [205 213]]
[[206 206] [207 208]]
[[195 198] [198 202]]
[[193 193] [194 195]]
[[191 191] [192 193]]
[[201 201] [202 203]]
[[198 197] [197 198]]
[[201 198] [198 198]]
[[196 199] [199 202]]
[[207 207] [208 209]]
[[212 212] [212 213]]
[[210 209] [209 210]]
[[212 212] [212 213]]
[[205 205] [206 207]]
[[209 209] [210 211]]
[[210 208] [208 209]]
[[210 208] [208 208]]
[[208 208] [209 210]]
[[211 209] [209 208]]
[[212 212] [212 213]]
[[213 212] [212 213]]
[[196 198] [199 201]]
[[219 212] [212 215]]
[[197 197] [198 201]]
[[192 193] [194 197]]
[[206 205] [205 206]]
[[206 206] [207 208]]
[[203 203] [204 204]]
[[213 212] [212 213]]
[[214 213] [213 214]]
[[207 206] [206 208]]
[[209 209] [210 212]]
[[207 207] [208 210]]
[[212 212] [212 213]]
[[89 89] [90 91]]
[[86 87] [87 90]]
[[79 77] [77 77]]
[[195 195] [196 197]]
[[199 198] [198 199]]
[[193 193] [194 197]]
[[197 196] [196 196]]
[[206 205] [205 206]]
[[205 204] [204 206]]
[[201 201] [202 203]]
[[206 207] [207 209]]
[[210 208] [208 209]]
[[211 211] [212 213]]
[[209 210] [210 212]]
[[208 208] [209 210]]
[[208 208] [209 210]]
[[210 209] [209 210]]
[[220 219] [219 219]]
[[208 208] [209 210]]
[[86 86] [87 88]]
[[206 206] [206 207]]
[[203 203] [204 204]]
[[204 204] [205 206]]
[[194 194] [195 195]]
[[197 195] [195 194]]
[[194 194] [195 195]]
[[206 206] [206 207]]
[[204 204] [205 207]]
[[205 204] [204 204]]
[[206 205] [205 206]]
[[206 206] [207 208]]
[[83 81] [81 81]]
[[80 82] [82 85]]
[[203 202] [202 202]]
[[206 206] [207 209]]
[[203 202] [202 203]]
[[205 204] [204 204]]
[[204 204] [205 207]]
[[190 190] [191 193]]
[[190 190] [191 192]]
[[201 201] [202 203]]
[[203 203] [204 205]]
[[205 206] [206 208]]
[[212 212] [212 213]]
[[209 209] [210 211]]
[[212 212] [212 213]]
[[214 214] [215 215]]
[[212 214] [214 216]]
[[210 211] [211 212]]
[[78 78] [79 80]]
[[206 206] [207 209]]
[[208 207] [207 207]]
[[205 204] [204 204]]
[[210 207] [207 207]]
[[208 207] [207 208]]
[[203 203] [204 204]]
[[194 193] [193 196]]
[[198 199] [199 201]]
[[208 205] [205 203]]
[[209 209] [210 211]]
[[212 212] [212 213]]
[[211 211] [212 213]]
[[214 214] [215 216]]
[[89 85] [85 82]]
[[207 206] [206 207]]
[[202 204] [205 209]]
[[188 188] [189 191]]
[[193 193] [194 195]]
[[188 188] [189 192]]
[[195 195] [196 197]]
[[199 199] [200 201]]
[[198 198] [199 202]]
[[205 205] [206 207]]
[[211 211] [212 213]]
[[214 214] [215 216]]
[[216 215] [215 216]]
[[213 209] [209 207]]
[[209 209] [210 211]]
[[82 83] [84 87]]
[[81 81] [82 83]]
[[82 82] [83 84]]
[[208 207] [207 208]]
[[201 201] [202 203]]
[[206 206] [207 208]]
[[203 203] [204 205]]
[[204 204] [205 206]]
[[202 202] [203 204]]
[[194 194] [195 196]]
[[206 204] [204 204]]
[[204 204] [205 207]]
[[212 212] [212 213]]
[[214 214] [215 215]]
[[214 214] [215 215]]
[[214 214] [215 216]]
[[209 210] [210 212]]
[[212 211] [211 211]]
[[208 208] [209 210]]
[[212 212] [212 213]]
[[83 82] [82 83]]
[[206 206] [207 208]]
[[198 194] [194 191]]
[[194 192] [192 193]]
[[191 191] [192 194]]
[[204 204] [205 206]]
[[199 199] [200 201]]
[[209 209] [210 211]]
[[210 209] [209 210]]
[[214 213] [213 214]]
[[215 214] [214 214]]
[[214 214] [215 216]]
[[215 214] [214 215]]
[[215 214] [214 215]]
[[213 212] [212 213]]
[[208 208] [209 210]]
[[213 212] [212 213]]
[[211 210] [210 211]]
[[210 212] [212 214]]
[[203 203] [204 208]]
[[193 193] [194 195]]
[[195 195] [196 198]]
[[195 195] [196 197]]
[[214 214] [215 216]]
[[210 211] [211 212]]
[[214 213] [213 213]]
[[215 215] [216 217]]
[[215 215] [216 217]]
[[209 210] [211 214]]
[[212 212] [213 214]]
[[210 207] [207 206]]
[[207 207] [208 209]]
[[209 209] [210 211]]
[[78 78] [79 83]]
[[85 84] [84 85]]
[[88 79] [79 80]]
[[75 75] [76 85]]
[[212 211] [211 213]]
[[214 212] [212 211]]
[[210 207] [207 206]]
[[189 189] [190 192]]
[[205 203] [203 204]]
[[201 199] [199 198]]
[[207 208] [208 209]]
[[200 200] [201 203]]
[[202 202] [203 205]]
[[209 209] [210 211]]
[[216 216] [217 218]]
[[214 214] [215 216]]
[[215 215] [216 219]]
[[208 208] [209 210]]
[[190 191] [191 193]]
[[191 192] [192 194]]
[[202 202] [203 204]]
[[198 198] [199 199]]
[[205 204] [204 207]]
[[207 208] [208 209]]
[[206 206] [206 207]]
[[210 211] [211 212]]
[[213 211] [211 211]]
[[207 206] [206 207]]
[[205 204] [204 206]]
[[198 198] [199 201]]
[[199 198] [198 199]]
[[205 204] [204 204]]
[[204 204] [205 206]]
[[206 206] [207 208]]
[[214 214] [215 216]]
[[215 215] [216 217]]
[[217 216] [216 217]]
[[216 218] [218 225]]
[[207 207] [208 209]]
[[207 208] [208 209]]
[[207 207] [208 209]]
[[212 211] [211 212]]
[[214 214] [215 216]]
[[215 214] [214 215]]
[[214 214] [215 216]]
[[213 213] [214 215]]
[[215 215] [216 217]]
[[214 214] [215 216]]
[[210 207] [207 207]]
[[206 205] [205 206]]
[[191 193] [193 196]]
[[198 196] [196 196]]
[[210 209] [209 210]]
[[217 215] [215 216]]
[[214 214] [215 217]]
[[218 217] [217 217]]
[[216 215] [215 216]]
[[216 216] [217 218]]
[[212 212] [213 214]]
[[209 209] [210 211]]
[[205 205] [206 207]]
[[203 202] [202 203]]
[[202 202] [203 205]]
[[209 209] [210 211]]
[[208 208] [209 210]]
[[206 206] [206 207]]
[[212 212] [213 214]]
[[215 215] [216 217]]
[[220 219] [219 219]]
[[216 216] [217 218]]
[[207 209] [209 211]]
[[207 207] [208 209]]
[[202 203] [204 207]]
[[191 191] [192 193]]
[[192 191] [191 193]]
[[206 206] [207 208]]
[[212 212] [213 214]]
[[214 214] [215 217]]
[[215 215] [216 217]]
[[215 215] [216 217]]
[[215 214] [214 214]]
[[215 215] [216 217]]
[[215 215] [216 217]]
[[211 211] [212 214]]
[[217 217] [218 219]]
[[64 63] [63 64]]
[[208 207] [207 208]]
[[194 194] [195 197]]
[[195 195] [196 197]]
[[206 206] [207 209]]
[[208 207] [207 207]]
[[214 214] [215 217]]
[[212 212] [213 214]]
[[216 216] [217 219]]
[[215 215] [216 217]]
[[215 215] [216 217]]
[[216 215] [215 215]]
[[160 161] [162 168]]
[[212 212] [212 213]]
[[210 210] [211 214]]
[[205 205] [206 209]]
[[210 208] [208 209]]
[[192 193] [194 196]]
[[207 208] [208 209]]
[[210 210] [211 212]]
[[215 214] [214 214]]
[[213 212] [212 213]]
[[210 210] [211 212]]
[[222 219] [219 220]]
[[213 212] [212 213]]
[[214 214] [215 216]]
[[214 214] [215 215]]
[[203 203] [204 205]]
[[196 194] [194 195]]
[[198 198] [199 200]]
[[212 210] [210 209]]
[[209 209] [210 213]]
[[217 217] [218 221]]
[[209 209] [210 212]]
[[216 216] [217 218]]
[[215 214] [214 214]]
[[215 214] [214 214]]
[[196 196] [197 200]]
[[207 208] [208 209]]
[[207 208] [208 209]]
[[212 212] [213 214]]
[[216 215] [215 216]]
[[171 169] [169 174]]
[[209 209] [210 211]]
[[214 214] [215 215]]
[[199 198] [198 199]]
[[211 210] [210 211]]
[[210 208] [208 209]]
[[206 206] [207 209]]
[[198 195] [195 194]]
[[201 199] [199 200]]
[[196 196] [197 203]]
[[194 194] [195 196]]
[[194 194] [195 198]]
[[215 215] [216 217]]
[[218 217] [217 218]]
[[208 208] [209 210]]
[[211 210] [210 211]]
[[208 208] [209 210]]
[[211 211] [212 214]]
[[206 206] [207 223]]
[[211 211] [212 216]]
[[212 212] [213 214]]
[[211 211] [212 213]]
[[212 212] [213 214]]
[[216 217] [217 219]]
[[66 66] [67 76]]
[[207 207] [208 211]]
[[209 209] [210 211]]
[[197 197] [198 200]]
[[215 210] [210 216]]
[[218 215] [215 217]]
[[212 212] [213 214]]
[[214 214] [215 215]]
[[207 207] [208 209]]
[[217 213] [213 214]]
[[210 211] [211 212]]
[[206 206] [207 208]]
[[201 201] [202 203]]
[[199 198] [198 199]]
[[201 200] [200 201]]
[[215 215] [216 217]]
[[211 211] [212 213]]
[[210 210] [211 212]]
[[213 212] [212 213]]
[[187 187] [188 191]]
[[216 216] [217 219]]
[[196 196] [197 202]]
[[208 208] [209 211]]
[[202 202] [203 206]]
[[199 199] [200 201]]
[[185 185] [186 187]]
[[203 203] [204 204]]
[[164 163] [163 166]]
[[210 208] [208 209]]
[[218 217] [217 217]]
[[214 213] [213 213]]
[[214 214] [215 215]]
[[206 206] [207 210]]
[[207 207] [208 210]]
[[85 84] [84 86]]
[[86 87] [88 89]]
[[195 195] [195 196]]
[[200 202] [202 205]]
[[203 201] [201 201]]
[[201 200] [200 201]]
[[210 211] [211 212]]
[[222 220] [220 221]]
[[82 82] [83 86]]
[[95 92] [92 93]]
[[195 195] [196 200]]
[[191 194] [195 197]]
[[204 204] [205 209]]
[[69 69] [70 73]]
[[159 158] [158 166]]
[[95 92] [92 92]]
[[206 207] [207 209]]
[[200 200] [201 202]]
[[195 195] [196 197]]
[[191 191] [192 193]]
[[61 60] [60 66]]
[[151 151] [152 157]]
[[90 90] [91 94]]
[[ 96  98] [ 98 103]]
[[ 91  96] [ 96 105]]
[[168 171] [171 176]]
[[207 206] [206 207]]
[[187 186] [186 190]]
[[214 214] [215 216]]
[[216 215] [215 216]]
[[222 219] [219 220]]
[[208 204] [204 204]]
[[177 177] [178 187]]
[[183 183] [184 187]]
[[190 187] [187 186]]
[[184 184] [185 186]]
[[ 98  98] [ 99 100]]
[[196 196] [197 201]]
[[202 202] [203 207]]
[[224 219] [219 215]]
[[104 105] [106 106]]
[[114 114] [115 121]]
[[185 186] [186 188]]
[[211 211] [212 213]]
[[217 214] [214 216]]
[[218 219] [220 221]]
[[220 215] [215 216]]
[[112 112] [113 117]]
[[209 210] [211 213]]
[[85 80] [80 78]]
[[213 212] [212 212]]
[[215 210] [210 209]]
[[219 219] [220 222]]
[[212 212] [213 214]]
[[212 211] [211 212]]
[[200 200] [201 222]]
[[207 208] [209 210]]
[[202 204] [204 208]]
[[208 207] [207 210]]
[[210 210] [211 213]]
[[215 215] [216 218]]
[[212 212] [212 213]]
[[206 206] [207 209]]
[[214 214] [215 217]]
[[212 212] [213 214]]
[[75 76] [77 80]]
[[206 206] [206 207]]
[[178 178] [179 180]]
[[209 210] [210 212]]
[[46 46] [47 62]]
[[218 218] [219 220]]
[[214 214] [215 217]]
[[212 212] [213 214]]
[[214 214] [215 215]]
[[216 215] [215 215]]
[[214 214] [215 215]]
[[212 212] [213 215]]
[[213 213] [214 215]]
[[212 212] [213 214]]
[[190 189] [189 195]]
[[214 214] [215 215]]
[[212 212] [213 214]]
[[210 210] [211 212]]
[[214 213] [213 214]]
[[210 208] [208 213]]
[[212 213] [214 217]]
[[211 210] [210 214]]
[[201 201] [202 203]]
[[186 183] [183 191]]
[[192 195] [195 201]]
[[207 207] [208 209]]
[[210 211] [211 212]]
[[210 210] [211 212]]
[[212 211] [211 211]]
[[189 189] [190 192]]
[[149 149] [150 188]]
[[75 75] [76 77]]
[[113 113] [114 117]]
[[172 116] [116 127]]
[[213 210] [210 212]]
[[214 214] [215 215]]
[[191 193] [194 196]]
[[80 81] [81 83]]
[[75 75] [76 78]]
[[213 212] [212 212]]
[[209 209] [210 212]]
[[217 217] [218 220]]
[[208 208] [209 211]]
[[218 215] [215 222]]
[[222 219] [219 220]]
[[214 211] [211 209]]
[[209 209] [210 211]]
[[207 207] [208 212]]
[[215 214] [214 215]]
[[200 200] [201 203]]
[[201 201] [202 207]]
[[215 215] [216 218]]
[[214 214] [215 220]]
[[222 221] [221 222]]
[[211 210] [210 211]]
[[78 78] [79 82]]
[[92 85] [85 85]]
[[210 211] [211 212]]
[[203 203] [204 204]]
[[200 200] [201 203]]
[[208 208] [209 213]]
[[214 213] [213 214]]
[[210 210] [211 213]]
[[211 211] [212 214]]
[[214 214] [215 216]]
[[218 215] [215 215]]
[[216 213] [213 212]]
[[206 206] [207 208]]
[[219 217] [217 216]]
[[219 216] [216 216]]
[[84 81] [81 79]]
[[212 212] [213 214]]
[[216 215] [215 217]]
[[215 214] [214 214]]
[[71 71] [72 73]]
[[74 74] [75 76]]
[[74 74] [75 77]]
[[76 76] [77 79]]
[[156 155] [155 157]]
[[208 208] [209 210]]
[[207 207] [208 211]]
[[210 211] [211 212]]
[[154 154] [155 158]]
[[155 161] [161 169]]
[[217 217] [218 219]]
[[158 158] [159 160]]
[[160 160] [161 163]]
[[84 84] [85 91]]
[[ 90  90] [ 91 102]]
[[126 132] [132 140]]
[[222 220] [220 220]]
[[222 221] [221 222]]
[[217 217] [218 220]]
[[222 221] [221 221]]
[[222 221] [221 221]]
[[77 75] [75 76]]
[[69 69] [70 72]]
[[215 215] [216 221]]
[[218 214] [214 212]]
[[149 149] [150 151]]
[[83 84] [85 86]]
[[76 76] [77 80]]
[[220 220] [221 221]]
[[220 220] [221 222]]
[[171 173] [173 179]]
[[212 212] [213 215]]
[[213 213] [214 215]]
[[214 213] [213 214]]
[[213 213] [214 216]]
[[84 85] [86 91]]
[[91 92] [93 96]]
[[71 71] [72 74]]
[[115 116] [117 119]]
[[222 220] [220 220]]
[[220 220] [221 221]]
[[220 220] [221 221]]
[[220 220] [221 221]]
[[220 220] [221 221]]
[[222 221] [221 221]]
[[220 220] [221 221]]
[[222 221] [221 221]]
[[220 220] [221 221]]
[[220 220] [221 221]]
[[220 220] [221 221]]
[[220 220] [221 221]]
[[222 221] [221 221]]
[[220 220] [221 221]]
[[220 220] [221 221]]
[[220 220] [221 221]]
[[214 214] [215 216]]
[[165 163] [163 162]]
[[152 152] [153 158]]
[[188 187] [187 188]]
[[217 217] [218 220]]
[[220 220] [221 221]]
[[220 220] [221 221]]
[[220 220] [221 221]]
[[220 219] [219 220]]
[[222 221] [221 221]]
[[220 220] [221 221]]
[[220 220] [221 221]]
[[220 220] [221 221]]
[[220 220] [221 221]]
[[222 221] [221 221]]
[[222 221] [221 221]]
[[220 220] [221 221]]
[[216 216] [217 218]]
[[148 147] [147 151]]
[[157 156] [156 160]]
[[146 138] [138 132]]
[[120 122] [122 128]]
[[212 211] [211 211]]
[[210 211] [211 212]]
[[219 219] [220 221]]
[[222 221] [221 221]]
[[220 220] [221 221]]
[[220 220] [221 222]]
[[220 220] [221 221]]
[[220 220] [221 221]]
[[220 220] [221 221]]
[[222 221] [221 221]]
[[220 220] [221 221]]
[[220 220] [221 221]]
[[220 220] [221 221]]
[[220 220] [221 221]]
[[215 215] [216 217]]
[[216 216] [217 218]]
[[216 216] [217 218]]
[[150 150] [151 152]]
[[222 221] [221 221]]
[[222 221] [221 221]]
[[220 220] [221 221]]
[[222 221] [221 221]]
[[222 221] [221 221]]
[[220 220] [221 221]]
[[220 220] [221 221]]
[[222 221] [221 221]]
[[222 221] [221 221]]
[[220 220] [221 221]]
[[220 220] [221 221]]
[[220 220] [221 221]]
[[220 220] [221 221]]
[[222 221] [221 221]]
[[220 220] [221 221]]
[[222 221] [221 221]]
[[222 221] [221 221]]
[[220 220] [221 221]]
[[137 137] [138 159]]
[[213 213] [214 215]]
[[144 146] [146 151]]
[[159 158] [158 162]]
[[147 147] [148 152]]
[[77 77] [78 79]]
[[143 146] [146 150]]
[[146 145] [145 151]]
[[186 181] [181 178]]
[[222 221] [221 221]]
[[222 221] [221 221]]
[[222 221] [221 221]]
[[220 220] [221 221]]
[[220 220] [221 221]]
[[220 220] [221 221]]
[[222 221] [221 221]]
[[220 220] [221 221]]
[[220 220] [221 221]]
[[220 220] [221 221]]
[[222 221] [221 221]]
[[220 220] [221 221]]
[[220 220] [221 221]]
[[222 221] [221 221]]
[[220 220] [221 221]]
[[222 220] [220 221]]
[[220 220] [221 221]]
[[223 222] [222 223]]
[[211 211] [212 213]]
[[144 145] [146 149]]
[[79 78] [78 79]]
[[148 154] [154 161]]
[[213 213] [214 215]]
[[222 221] [221 221]]
[[222 221] [221 221]]
[[222 221] [221 221]]
[[220 220] [221 221]]
[[222 221] [221 221]]
[[222 221] [221 221]]
[[220 220] [221 221]]
[[220 220] [221 221]]
[[219 219] [220 221]]
[[220 220] [221 221]]
[[222 221] [221 221]]
[[220 220] [221 221]]
[[222 221] [221 221]]
[[220 220] [221 221]]
[[222 221] [221 221]]
[[219 219] [220 221]]
[[219 219] [220 221]]
[[142 137] [137 133]]
[[140 148] [148 157]]
[[212 212] [213 214]]
[[214 214] [215 216]]
[[215 215] [216 217]]
[[217 216] [216 217]]
[[219 218] [218 218]]
[[194 194] [195 199]]
[[86 86] [87 89]]
[[79 80] [80 82]]
[[162 172] [172 194]]
[[214 214] [215 216]]
[[220 220] [221 221]]
[[222 221] [221 221]]
[[220 220] [221 221]]
[[220 220] [221 221]]
[[220 220] [221 221]]
[[222 221] [221 221]]
[[222 221] [221 221]]
[[220 220] [221 221]]
[[218 218] [219 220]]
[[220 220] [221 221]]
[[222 221] [221 221]]
[[220 220] [221 221]]
[[220 220] [221 221]]
[[220 220] [221 221]]
[[220 220] [221 222]]
[[220 220] [221 221]]
[[215 214] [214 217]]
[[82 82] [83 85]]
[[75 75] [76 77]]
[[213 213] [214 215]]
[[220 220] [221 221]]
[[220 220] [221 221]]
[[220 220] [221 221]]
[[220 220] [221 221]]
[[220 220] [221 221]]
[[220 220] [221 221]]
[[220 220] [221 221]]
[[220 220] [221 221]]
[[222 221] [221 221]]
[[222 221] [221 221]]
[[220 220] [221 221]]
[[219 219] [220 221]]
[[220 220] [221 222]]
[[159 156] [156 162]]
[[219 219] [220 229]]
[[72 71] [71 72]]
[[171 174] [174 180]]
[[178 178] [179 181]]
[[207 207] [208 209]]
[[215 215] [216 217]]
[[222 221] [221 221]]
[[222 221] [221 221]]
[[220 220] [221 221]]
[[220 220] [221 221]]
[[220 220] [221 221]]
[[220 220] [221 221]]
[[222 221] [221 221]]
[[222 221] [221 221]]
[[220 220] [221 221]]
[[220 220] [221 221]]
[[220 220] [221 221]]
[[222 220] [220 220]]
[[73 68] [68 77]]
[[78 76] [76 79]]
[[76 74] [74 75]]
[[212 212] [212 213]]
[[214 214] [215 216]]
[[220 220] [221 221]]
[[222 221] [221 221]]
[[220 220] [221 221]]
[[220 220] [221 221]]
[[220 220] [221 221]]
[[222 221] [221 221]]
[[222 221] [221 221]]
[[220 220] [221 221]]
[[222 221] [221 221]]
[[220 220] [221 221]]
[[220 220] [221 221]]
[[220 220] [221 221]]
[[220 220] [221 221]]
[[220 220] [221 221]]
[[220 220] [221 221]]
[[220 220] [221 221]]
[[220 220] [221 221]]
[[208 208] [209 217]]
[[72 71] [71 72]]
[[211 210] [210 212]]
[[212 212] [213 214]]
[[216 216] [217 218]]
[[220 220] [221 221]]
[[222 221] [221 221]]
[[220 220] [221 221]]
[[220 220] [221 221]]
[[220 220] [221 221]]
[[222 221] [221 221]]
[[222 221] [221 221]]
[[220 220] [221 221]]
[[222 221] [221 221]]
[[220 220] [221 221]]
[[222 221] [221 221]]
[[220 220] [221 221]]
[[220 220] [221 221]]
[[222 221] [221 221]]
[[220 220] [221 221]]
[[74 74] [75 76]]
[[73 73] [74 75]]
[[212 212] [213 215]]
[[213 213] [214 215]]
[[212 212] [213 214]]
[[214 214] [215 216]]
[[222 221] [221 221]]
[[220 220] [221 221]]
[[220 220] [221 221]]
[[220 220] [221 221]]
[[220 220] [221 221]]
[[222 221] [221 221]]
[[220 220] [221 221]]
[[220 220] [221 221]]
[[220 220] [221 221]]
[[222 221] [221 221]]
[[222 221] [221 221]]
[[220 220] [221 221]]
[[222 221] [221 221]]
[[220 220] [221 221]]
[[222 221] [221 221]]
[[220 220] [221 221]]
[[222 221] [221 221]]
[[218 218] [219 220]]
[[118 119] [120 127]]
[[79 79] [80 81]]
[[164 165] [166 174]]
[[208 208] [209 210]]
[[208 208] [209 210]]
[[211 211] [212 215]]
[[214 214] [215 216]]
[[214 214] [215 216]]
[[212 212] [213 214]]
[[214 214] [215 216]]
[[220 220] [221 221]]
[[220 220] [221 221]]
[[222 221] [221 221]]
[[220 220] [221 221]]
[[220 220] [221 221]]
[[220 220] [221 221]]
[[222 221] [221 221]]
[[222 221] [221 221]]
[[129 125] [125 130]]
[[196 196] [197 206]]
[[131 130] [130 135]]
[[214 213] [213 216]]
[[194 194] [195 196]]
[[195 195] [196 200]]
[[211 211] [212 213]]
[[210 211] [211 212]]
[[213 211] [211 212]]
[[214 214] [215 216]]
[[218 218] [219 220]]
[[220 220] [221 221]]
[[220 220] [221 221]]
[[222 221] [221 221]]
[[220 220] [221 221]]
[[222 221] [221 221]]
[[220 220] [221 221]]
[[220 220] [221 221]]
[[218 218] [219 220]]
[[224 224] [225 227]]
[[78 72] [72 71]]
[[68 67] [67 69]]
[[ 76  80] [ 80 128]]
[[190 190] [191 197]]
[[217 215] [215 216]]
[[215 214] [214 214]]
[[216 216] [217 218]]
[[222 221] [221 221]]
[[222 221] [221 221]]
[[220 220] [221 221]]
[[220 220] [221 221]]
[[220 220] [221 221]]
[[220 220] [221 221]]
[[222 221] [221 221]]
[[220 220] [221 221]]
[[220 220] [221 221]]
[[220 220] [221 221]]
[[220 220] [221 221]]
[[219 219] [220 221]]
[[220 220] [221 221]]
[[208 208] [209 212]]
[[207 207] [208 209]]
[[214 214] [215 216]]
[[216 215] [215 215]]
[[214 214] [215 216]]
[[215 215] [216 217]]
[[220 220] [221 221]]
[[220 220] [221 221]]
[[222 221] [221 221]]
[[220 220] [221 221]]
[[220 220] [221 221]]
[[220 220] [221 221]]
[[222 221] [221 221]]
[[222 221] [221 221]]
[[220 220] [221 221]]
[[222 221] [221 221]]
[[220 220] [221 221]]
[[220 220] [221 221]]
[[173 174] [175 182]]
[[209 211] [212 219]]
[[214 214] [215 216]]
[[220 220] [221 221]]
[[222 221] [221 221]]
[[220 220] [221 221]]
[[220 220] [221 221]]
[[220 220] [221 221]]
[[220 220] [221 221]]
[[222 221] [221 221]]
[[222 221] [221 221]]
[[220 220] [221 221]]
[[220 220] [221 221]]
[[220 220] [221 221]]
[[220 220] [221 221]]
[[222 221] [221 221]]
[[220 220] [221 221]]
[[220 220] [221 221]]
[[220 220] [221 221]]
[[126 125] [125 130]]
[[147 146] [146 154]]
[[208 208] [209 210]]
[[210 209] [209 211]]
[[217 215] [215 217]]
[[217 215] [215 216]]
[[217 217] [218 219]]
[[220 220] [221 221]]
[[220 220] [221 221]]
[[220 220] [221 221]]
[[222 221] [221 221]]
[[220 220] [221 221]]
[[220 220] [221 221]]
[[220 220] [221 221]]
[[220 220] [221 221]]
[[222 221] [221 221]]
[[222 221] [221 221]]
[[220 220] [221 221]]
[[220 220] [221 221]]
[[220 220] [221 221]]
[[220 220] [221 221]]
[[222 221] [221 221]]
[[222 221] [221 221]]
[[120 120] [121 125]]
[[215 215] [216 217]]
[[222 220] [220 220]]
[[215 214] [214 214]]
[[215 214] [214 214]]
[[214 214] [215 215]]
[[211 210] [210 214]]
[[219 218] [218 219]]
[[220 220] [221 221]]
[[220 220] [221 221]]
[[220 220] [221 221]]
[[220 220] [221 221]]
[[222 221] [221 221]]
[[220 220] [221 221]]
[[220 220] [221 221]]
[[220 220] [221 221]]
[[220 220] [221 221]]
[[220 220] [221 221]]
[[220 220] [221 221]]
[[222 221] [221 221]]
[[222 221] [221 221]]
[[220 220] [221 221]]
[[220 220] [221 221]]
[[220 220] [221 221]]
[[202 202] [203 208]]
[[158 157] [157 165]]
[[212 212] [213 214]]
[[215 214] [214 214]]
[[215 214] [214 215]]
[[215 215] [216 217]]
[[215 215] [216 219]]
[[220 220] [221 221]]
[[222 221] [221 221]]
[[220 220] [221 221]]
[[220 220] [221 221]]
[[220 220] [221 221]]
[[222 221] [221 221]]
[[222 221] [221 221]]
[[220 220] [221 221]]
[[220 220] [221 221]]
[[220 220] [221 221]]
[[222 221] [221 221]]
[[220 220] [221 221]]
[[220 220] [221 221]]
[[220 220] [221 221]]
[[220 220] [221 221]]
[[220 220] [221 221]]
[[148 137] [137 134]]
[[191 195] [195 201]]
[[200 203] [203 207]]
[[157 157] [158 160]]
[[214 214] [215 217]]
[[214 213] [213 214]]
[[220 219] [219 219]]
[[222 221] [221 221]]
[[220 220] [221 221]]
[[220 220] [221 221]]
[[220 220] [221 221]]
[[218 218] [219 220]]
[[123 121] [121 127]]
[[119 119] [120 131]]
[[127 126] [126 129]]
[[181 181] [182 183]]
[[140 140] [141 152]]
[[201 200] [200 201]]
[[147 147] [148 152]]
[[142 141] [141 147]]
[[215 215] [216 217]]
[[220 220] [221 221]]
[[220 220] [221 221]]
[[220 220] [221 221]]
[[222 221] [221 221]]
[[220 219] [219 220]]
[[135 136] [137 139]]
[[118 128] [128 139]]
[[177 177] [178 184]]
[[144 147] [147 152]]
[[150 149] [149 157]]
[[216 216] [217 218]]
[[216 216] [217 218]]
[[210 210] [211 212]]
[[222 221] [221 221]]
[[222 221] [221 221]]
[[222 221] [221 221]]
[[222 221] [221 221]]
[[145 145] [146 156]]
[[160 161] [162 169]]
[[210 210] [211 212]]
[[222 221] [221 221]]
[[220 220] [221 221]]
[[220 220] [221 221]]
[[222 221] [221 221]]
[[197 198] [199 211]]
[[210 210] [211 216]]
[[203 203] [204 207]]
[[209 210] [211 217]]
[[219 219] [220 221]]
[[210 211] [211 212]]
[[209 209] [210 212]]
[[212 212] [213 214]]
[[218 218] [219 219]]
[[218 218] [219 220]]
[[219 219] [220 221]]
[[222 221] [221 221]]
[[220 220] [221 221]]
[[121 128] [128 139]]
[[222 217] [217 219]]
[[208 207] [207 209]]
[[132 132] [133 139]]
[[217 217] [218 219]]
[[217 217] [218 219]]
[[222 221] [221 221]]
[[220 220] [221 221]]
[[220 220] [221 221]]
[[219 219] [220 221]]
[[222 221] [221 221]]
[[130 130] [131 137]]
[[182 182] [183 196]]
[[195 195] [196 199]]
[[153 143] [143 157]]
[[213 213] [214 215]]
[[218 218] [219 220]]
[[217 217] [218 219]]
[[220 220] [221 221]]
[[196 195] [195 196]]
[[213 213] [214 215]]
[[208 208] [209 213]]
[[220 220] [221 221]]
[[211 211] [212 219]]
[[217 217] [218 219]]
[[216 216] [217 218]]
[[219 218] [218 219]]
[[222 221] [221 221]]
[[140 140] [141 149]]
[[149 149] [150 152]]
[[179 179] [180 189]]
[[219 214] [214 214]]
[[218 218] [219 220]]
[[217 217] [218 219]]
[[219 219] [220 221]]
[[219 218] [218 219]]
[[131 127] [127 135]]
[[219 221] [221 225]]
[[144 143] [143 172]]
[[127 127] [128 134]]
[[201 199] [199 203]]
[[110 110] [111 117]]
[[217 216] [216 218]]
[[212 212] [213 214]]
[[122 122] [123 128]]
[[148 138] [138 136]]
[[218 218] [219 219]]
[[218 218] [219 220]]
[[217 216] [216 218]]
[[225 221] [221 219]]
[[222 220] [220 221]]
[[119 119] [120 127]]
[[117 117] [118 140]]
[[216 216] [217 220]]
[[219 219] [220 221]]
[[212 212] [213 217]]
[[220 219] [219 220]]
[[157 163] [164 182]]
[[164 161] [161 162]]
[[138 143] [144 153]]
[[219 218] [218 218]]
[[219 218] [218 218]]
[[220 219] [219 219]]
[[155 155] [156 158]]
[[129 129] [130 138]]
[[121 120] [120 128]]
[[129 129] [130 130]]
[[137 137] [138 147]]
[[160 162] [163 170]]
[[151 157] [157 166]]
[[219 218] [218 219]]
[[151 134] [134 123]]
[[118 119] [120 124]]
[[123 128] [128 136]]
[[132 134] [134 139]]
[[159 182] [182 209]]
[[144 144] [145 154]]
[[206 206] [207 212]]
[[157 156] [156 159]]
[[218 218] [219 220]]
[[218 219] [220 221]]
[[156 156] [157 167]]
[[159 158] [158 159]]
[[127 120] [120 135]]
[[216 216] [217 218]]
[[217 215] [215 216]]
[[217 217] [218 219]]
[[213 212] [212 214]]
[[159 159] [160 161]]
[[226 223] [223 226]]
[[218 217] [217 218]]
[[218 218] [219 220]]
[[145 146] [147 160]]
[[148 148] [149 150]]
[[125 126] [127 139]]
[[214 214] [215 216]]
[[141 141] [141 145]]
[[214 214] [215 215]]
[[218 218] [219 219]]
[[208 208] [209 210]]
[[208 208] [209 216]]
[[208 208] [209 215]]
[[131 131] [132 151]]
[[218 218] [219 219]]
[[146 147] [148 149]]
[[144 141] [141 143]]
[[210 208] [208 209]]
[[216 215] [215 215]]
[[211 210] [210 211]]
[[147 147] [148 163]]
[[149 148] [148 150]]
[[146 146] [147 149]]
[[218 216] [216 215]]
[[212 212] [213 214]]
[[212 212] [212 213]]
[[215 215] [216 217]]
[[219 219] [220 221]]
[[147 146] [146 154]]
[[220 219] [219 220]]
[[212 212] [213 214]]
[[218 218] [219 220]]
[[209 209] [210 211]]
[[152 152] [153 158]]
[[119 119] [120 127]]
[[138 139] [140 151]]
[[119 119] [120 127]]
[[153 153] [154 158]]
[[161 161] [162 164]]
[[218 218] [219 219]]
[[220 219] [219 219]]
[[219 218] [218 219]]
[[214 214] [215 216]]
[[156 156] [157 160]]
[[135 135] [136 151]]
[[112 113] [114 141]]
[[219 218] [218 218]]
[[219 219] [220 221]]
[[216 216] [217 218]]
[[152 152] [153 154]]
[[213 213] [214 215]]
[[141 141] [142 145]]
[[212 212] [212 213]]
[[218 217] [217 217]]
[[218 218] [219 219]]
[[219 219] [220 221]]
[[220 220] [221 221]]
[[207 208] [208 209]]
[[211 211] [212 213]]
[[212 215] [215 219]]
[[147 143] [143 145]]
[[146 146] [147 155]]
[[110 110] [111 137]]
[[217 216] [216 217]]
[[218 218] [219 220]]
[[219 218] [218 219]]
[[222 221] [221 221]]
[[218 218] [219 220]]
[[207 209] [209 211]]
[[204 204] [205 209]]
[[204 204] [205 206]]
[[144 143] [143 149]]
[[164 162] [162 165]]
[[216 215] [215 219]]
[[218 218] [219 219]]
[[218 217] [217 218]]
[[219 218] [218 219]]
[[218 217] [217 218]]
[[219 219] [220 221]]
[[217 216] [216 217]]
[[205 204] [204 206]]
[[151 153] [153 164]]
[[130 130] [131 138]]
[[218 218] [219 220]]
[[215 215] [216 217]]
[[214 214] [215 216]]
[[119 120] [121 124]]
[[146 146] [147 158]]
[[220 219] [219 219]]
[[216 216] [217 218]]
[[214 214] [215 216]]
[[215 215] [216 218]]
[[194 194] [195 198]]
[[211 210] [210 212]]
[[148 153] [154 167]]
[[214 214] [215 215]]
[[216 216] [217 218]]
[[218 217] [217 218]]
[[211 210] [210 210]]
[[209 209] [210 211]]
[[208 207] [207 209]]
[[215 214] [214 215]]
[[214 213] [213 215]]
[[157 157] [158 165]]
[[146 138] [138 139]]
[[156 143] [143 148]]
[[119 120] [121 125]]
[[221 221] [222 225]]
[[213 213] [214 215]]
[[217 217] [218 219]]
[[216 216] [217 218]]
[[208 208] [209 210]]
[[211 211] [212 213]]
[[213 213] [214 215]]
[[208 208] [209 210]]
[[143 153] [153 165]]
[[218 218] [219 219]]
[[218 218] [219 220]]
[[217 215] [215 217]]
[[215 215] [216 217]]
[[138 148] [149 166]]
[[185 186] [186 201]]
[[215 213] [213 213]]
[[218 217] [217 218]]
[[220 219] [219 219]]
[[211 211] [212 213]]
[[212 211] [211 211]]
[[213 212] [212 212]]
[[106 107] [108 119]]
[[216 216] [217 220]]
[[205 205] [206 207]]
[[202 202] [203 210]]
[[213 212] [212 216]]
[[134 135] [136 141]]
[[211 211] [212 213]]
[[210 210] [211 212]]
[[209 209] [210 211]]
[[215 214] [214 214]]
[[154 154] [155 157]]
[[168 163] [163 162]]
[[180 184] [184 195]]
[[216 216] [217 218]]
[[216 216] [217 218]]
[[215 215] [216 217]]
[[210 208] [208 209]]
[[213 212] [212 213]]
[[208 208] [209 210]]
[[152 149] [149 151]]
[[210 207] [207 206]]
[[167 166] [166 167]]
[[215 215] [216 217]]
[[219 218] [218 218]]
[[213 212] [212 212]]
[[153 153] [154 158]]
[[145 146] [147 149]]
[[214 214] [215 221]]
[[217 217] [218 219]]
[[203 201] [201 200]]
[[205 205] [206 216]]
[[179 179] [180 190]]
[[204 204] [205 210]]
[[217 217] [218 219]]
[[216 216] [217 218]]
[[207 207] [208 209]]
[[211 210] [210 211]]
[[215 215] [216 217]]
[[209 209] [210 211]]
[[205 205] [206 208]]
[[200 200] [201 202]]
[[213 213] [214 216]]
[[218 217] [217 217]]
[[216 216] [217 218]]
[[216 216] [217 218]]
[[207 208] [208 209]]
[[208 208] [209 210]]
[[209 209] [210 212]]
[[215 214] [214 215]]
[[209 209] [210 211]]
[[208 208] [209 210]]
[[206 206] [207 208]]
[[202 202] [203 207]]
[[220 217] [217 215]]
[[216 215] [215 215]]
[[208 208] [209 210]]
[[209 209] [210 211]]
[[210 211] [211 212]]
[[213 212] [212 212]]
[[203 203] [204 205]]
[[207 207] [208 210]]
[[210 212] [212 214]]
[[166 166] [167 171]]
[[140 141] [142 153]]
[[219 216] [216 218]]
[[218 218] [219 219]]
[[212 212] [212 213]]
[[210 211] [211 212]]
[[205 205] [206 207]]
[[211 209] [209 209]]
[[207 208] [208 209]]
[[204 204] [205 207]]
[[151 151] [152 155]]
[[157 150] [150 155]]
[[147 130] [130 131]]
[[150 150] [151 158]]
[[215 214] [214 216]]
[[205 204] [204 206]]
[[209 209] [210 211]]
[[208 208] [209 210]]
[[208 208] [209 210]]
[[208 207] [207 207]]
[[209 209] [210 211]]
[[207 206] [206 206]]
[[164 164] [165 169]]
[[214 216] [217 220]]
[[201 201] [202 203]]
[[210 210] [211 212]]
[[210 208] [208 208]]
[[156 155] [155 161]]
[[203 203] [204 210]]
[[124 125] [126 133]]
[[208 208] [209 210]]
[[210 211] [211 212]]
[[210 208] [208 209]]
[[208 207] [207 208]]
[[208 208] [209 210]]
[[144 144] [145 157]]
[[149 148] [148 151]]
[[217 216] [216 217]]
[[212 211] [211 212]]
[[212 212] [212 213]]
[[214 213] [213 213]]
[[210 208] [208 209]]
[[209 209] [210 211]]
[[202 202] [203 205]]
[[160 160] [161 164]]
[[157 157] [158 159]]
[[175 169] [169 172]]
[[136 136] [137 139]]
[[153 145] [145 149]]
[[157 157] [158 163]]
[[212 215] [215 224]]
[[138 138] [139 150]]
[[209 209] [210 211]]
[[207 208] [209 210]]
[[206 206] [207 208]]
[[192 193] [194 197]]
[[146 146] [147 150]]
[[217 217] [218 219]]
[[207 208] [208 209]]
[[204 204] [205 206]]
[[174 179] [179 192]]
[[158 157] [157 158]]
[[156 155] [155 165]]
[[209 209] [210 211]]
[[210 210] [211 212]]
[[206 206] [207 208]]
[[164 156] [156 162]]
[[163 163] [164 166]]
[[207 207] [208 213]]
[[207 207] [208 209]]
[[210 208] [208 208]]
[[211 210] [210 210]]
[[209 209] [210 211]]
[[196 196] [197 199]]
[[206 206] [207 208]]
[[207 206] [206 206]]
[[206 206] [207 208]]
[[154 164] [164 177]]
[[183 184] [185 189]]
[[214 214] [215 216]]
[[216 216] [217 218]]
[[206 206] [207 209]]
[[208 208] [209 210]]
[[205 205] [206 207]]
[[207 206] [206 207]]
[[213 212] [212 212]]
[[167 161] [161 160]]
[[219 214] [214 217]]
[[214 214] [215 215]]
[[215 215] [216 217]]
[[206 206] [207 209]]
[[210 209] [209 210]]
[[209 210] [211 213]]
[[207 208] [208 209]]
[[209 210] [210 212]]
[[208 207] [207 208]]
[[168 167] [167 171]]
[[164 164] [165 185]]
[[214 202] [202 199]]
[[183 183] [184 204]]
[[210 208] [208 209]]
[[214 215] [216 217]]
[[212 214] [214 216]]
[[212 212] [213 215]]
[[211 211] [212 215]]
[[219 218] [218 218]]
[[208 207] [207 208]]
[[210 210] [211 212]]
[[148 148] [149 161]]
[[155 155] [156 161]]
[[181 181] [182 184]]
[[184 181] [181 179]]
[[154 154] [155 160]]
[[211 211] [212 214]]
[[218 218] [219 220]]
[[210 211] [211 212]]
[[209 209] [210 211]]
[[210 208] [208 209]]
[[210 208] [208 209]]
[[206 206] [207 208]]
[[212 211] [211 212]]
[[205 203] [203 203]]
[[205 204] [204 204]]
[[191 191] [192 195]]
[[213 213] [214 215]]
[[216 215] [215 216]]
[[214 214] [215 216]]
[[208 208] [209 210]]
[[206 206] [207 208]]
[[208 208] [209 210]]
[[210 208] [208 209]]
[[207 207] [208 209]]
[[211 211] [212 215]]
[[197 198] [199 204]]
[[197 197] [198 204]]
[[217 216] [216 217]]
[[218 218] [219 219]]
[[210 208] [208 209]]
[[206 206] [207 208]]
[[207 207] [208 209]]
[[214 212] [212 211]]
[[215 214] [214 214]]
[[210 209] [209 210]]
[[207 208] [208 209]]
[[205 205] [206 207]]
[[210 209] [209 211]]
[[200 203] [203 208]]
[[215 215] [216 220]]
[[209 209] [210 211]]
[[212 210] [210 209]]
[[216 216] [217 218]]
[[215 215] [216 217]]
[[215 215] [216 217]]
[[206 206] [207 208]]
[[209 209] [210 211]]
[[208 208] [209 211]]
[[144 144] [145 153]]
[[208 208] [209 211]]
[[207 208] [209 211]]
[[215 215] [216 223]]
[[143 145] [145 148]]
[[210 210] [211 212]]
[[210 210] [211 216]]
[[216 216] [217 218]]
[[218 218] [219 219]]
[[212 211] [211 212]]
[[206 206] [207 208]]
[[207 208] [208 209]]
[[205 205] [206 207]]
[[206 206] [207 208]]
[[210 208] [208 209]]
[[195 196] [197 199]]
[[210 210] [211 212]]
[[213 213] [214 216]]
[[215 214] [214 215]]
[[215 214] [214 214]]
[[214 214] [215 216]]
[[218 217] [217 217]]
[[207 207] [208 209]]
[[208 207] [207 208]]
[[204 204] [205 206]]
[[206 206] [207 208]]
[[209 209] [210 211]]
[[206 206] [207 208]]
[[211 210] [210 210]]
[[209 209] [210 225]]
[[130 130] [130 142]]
[[210 211] [211 212]]
[[207 207] [208 209]]
[[207 206] [206 206]]
[[201 200] [200 201]]
[[199 199] [200 201]]
[[201 201] [202 203]]
[[202 203] [203 204]]
[[137 137] [138 153]]
[[216 215] [215 215]]
[[209 209] [210 211]]
[[191 191] [192 193]]
[[197 197] [198 199]]
[[207 206] [206 209]]
[[211 210] [210 210]]
[[210 208] [208 209]]
[[206 206] [207 208]]
[[207 207] [208 209]]
[[210 208] [208 209]]
[[205 205] [206 207]]
[[202 202] [203 204]]
[[114 114] [115 120]]
[[215 215] [216 217]]
[[207 206] [206 207]]
[[205 204] [204 204]]
[[208 208] [209 210]]
[[210 209] [209 210]]
[[207 207] [208 209]]
[[210 211] [211 212]]
[[209 209] [210 211]]
[[204 204] [205 206]]
[[202 200] [200 201]]
[[201 201] [202 203]]
[[200 200] [201 202]]
[[121 121] [122 130]]
[[218 217] [217 217]]
[[217 215] [215 216]]
[[209 209] [210 211]]
[[210 208] [208 209]]
[[213 212] [212 212]]
[[210 208] [208 209]]
[[199 199] [200 201]]
[[205 204] [204 204]]
[[203 202] [202 203]]
[[184 184] [185 204]]
[[207 209] [210 212]]
[[110 118] [118 130]]
[[211 211] [212 215]]
[[217 215] [215 216]]
[[214 214] [215 216]]
[[207 207] [208 209]]
[[209 209] [210 211]]
[[208 208] [209 210]]
[[203 203] [204 205]]
[[183 183] [184 192]]
[[212 212] [213 215]]
[[213 213] [214 215]]
[[203 203] [204 205]]
[[210 210] [211 212]]
[[210 211] [211 212]]
[[212 211] [211 212]]
[[206 205] [205 205]]
[[203 203] [204 205]]
[[202 201] [201 202]]
[[205 204] [204 205]]
[[203 202] [202 203]]
[[209 210] [210 216]]
[[137 142] [143 149]]
[[213 212] [212 212]]
[[204 204] [205 206]]
[[212 212] [212 213]]
[[209 209] [210 211]]
[[208 208] [209 210]]
[[208 208] [209 210]]
[[210 210] [211 212]]
[[202 202] [203 204]]
[[202 203] [203 206]]
[[205 204] [204 204]]
[[203 203] [204 204]]
[[204 204] [205 206]]
[[203 203] [204 205]]
[[203 203] [204 204]]
[[195 195] [196 205]]
[[205 204] [204 204]]
[[209 209] [210 211]]
[[209 209] [210 211]]
[[209 209] [210 211]]
[[209 209] [210 211]]
[[211 210] [210 210]]
[[210 210] [211 212]]
[[210 209] [209 210]]
[[210 211] [211 212]]
[[209 209] [210 211]]
[[209 209] [210 211]]
[[208 208] [209 210]]
[[205 204] [204 204]]
[[203 203] [204 204]]
[[199 199] [200 202]]
[[208 208] [209 210]]
[[208 208] [209 210]]
[[212 211] [211 211]]
[[208 208] [209 210]]
[[211 210] [210 210]]
[[207 207] [208 209]]
[[210 211] [211 212]]
[[202 203] [203 204]]
[[202 202] [203 204]]
[[206 204] [204 209]]
[[220 218] [218 219]]
[[212 212] [212 213]]
[[212 212] [212 213]]
[[198 198] [199 200]]
[[200 201] [201 203]]
[[205 204] [204 204]]
[[212 206] [206 203]]
[[152 152] [153 154]]
[[141 141] [142 145]]
[[207 206] [206 209]]
[[183 162] [162 155]]
[[127 126] [126 128]]
[[212 212] [213 214]]
[[214 213] [213 214]]
[[212 212] [213 214]]
[[209 209] [210 211]]
[[210 209] [209 210]]
[[208 208] [209 210]]
[[210 210] [211 212]]
[[206 206] [207 208]]
[[128 128] [129 135]]
[[155 155] [156 159]]
[[215 214] [214 215]]
[[212 212] [212 213]]
[[210 210] [211 212]]
[[210 210] [211 212]]
[[212 212] [213 214]]
[[209 209] [210 211]]
[[212 212] [212 213]]
[[189 189] [190 199]]
[[194 196] [196 199]]
[[205 203] [203 206]]
[[161 160] [160 166]]
[[212 214] [214 217]]
[[216 215] [215 218]]
[[213 212] [212 213]]
[[212 212] [213 214]]
[[212 212] [213 214]]
[[211 210] [210 211]]
[[210 209] [209 210]]
[[209 209] [210 211]]
[[209 209] [210 211]]
[[208 208] [209 210]]
[[208 208] [209 210]]
[[206 205] [205 206]]
[[178 182] [182 187]]
[[203 198] [198 195]]
[[202 196] [196 193]]
[[124 125] [126 136]]
[[210 210] [211 212]]
[[214 214] [215 215]]
[[209 209] [210 211]]
[[210 209] [209 210]]
[[203 203] [204 205]]
[[186 186] [187 190]]
[[151 155] [155 164]]
[[218 216] [216 215]]
[[214 212] [212 211]]
[[214 213] [213 213]]
[[213 212] [212 212]]
[[212 211] [211 211]]
[[209 209] [210 211]]
[[209 209] [210 211]]
[[209 209] [210 211]]
[[201 200] [200 201]]
[[123 124] [125 126]]
[[159 162] [162 168]]
[[208 208] [209 210]]
[[210 209] [209 210]]
[[210 211] [211 212]]
[[207 208] [208 209]]
[[206 205] [205 206]]
[[203 203] [204 206]]
[[213 207] [207 216]]
[[206 206] [206 209]]
[[212 209] [209 207]]
[[213 213] [214 215]]
[[206 206] [207 208]]
[[203 202] [202 203]]
[[190 190] [191 205]]
[[122 127] [127 138]]
[[210 185] [185 167]]
[[214 213] [213 214]]
[[212 211] [211 211]]
[[211 211] [212 213]]
[[211 210] [210 211]]
[[210 208] [208 209]]
[[194 194] [195 196]]
[[201 201] [202 203]]
[[201 201] [202 203]]
[[133 133] [134 137]]
[[211 210] [210 210]]
[[210 211] [211 212]]
[[210 208] [208 209]]
[[199 199] [200 201]]
[[162 158] [158 166]]
[[176 176] [177 178]]
[[157 157] [158 160]]
[[162 157] [157 156]]
[[208 208] [209 210]]
[[208 208] [209 210]]
[[207 207] [208 209]]
[[209 209] [210 211]]
[[201 200] [200 201]]
[[199 197] [197 198]]
[[202 202] [203 204]]
[[169 169] [170 171]]
[[156 157] [157 164]]
[[116 117] [118 119]]
[[168 168] [169 171]]
[[208 208] [209 210]]
[[210 208] [208 209]]
[[207 207] [208 209]]
[[207 207] [208 209]]
[[209 209] [210 211]]
[[211 210] [210 210]]
[[210 208] [208 209]]
[[190 190] [191 196]]
[[204 204] [205 206]]
[[204 204] [205 206]]
[[205 204] [204 204]]
[[203 203] [204 205]]
[[203 203] [204 204]]
[[218 218] [219 220]]
[[167 167] [168 169]]
[[170 173] [173 178]]
[[210 209] [209 212]]
[[206 206] [207 208]]
[[205 205] [206 207]]
[[208 208] [209 210]]
[[210 211] [211 212]]
[[207 209] [209 211]]
[[202 203] [203 204]]
[[203 203] [204 204]]
[[203 203] [204 205]]
[[206 206] [207 208]]
[[167 167] [168 169]]
[[151 151] [152 157]]
[[210 208] [208 209]]
[[210 208] [208 208]]
[[204 205] [205 207]]
[[199 199] [200 202]]
[[198 198] [199 199]]
[[203 202] [202 203]]
[[211 211] [212 213]]
[[172 162] [162 165]]
[[166 166] [167 168]]
[[152 152] [153 157]]
[[209 209] [210 211]]
[[206 206] [207 208]]
[[210 208] [208 209]]
[[203 202] [202 203]]
[[204 204] [205 206]]
[[205 205] [206 207]]
[[202 205] [205 208]]
[[212 212] [213 218]]
[[197 196] [196 197]]
[[211 210] [210 210]]
[[209 209] [210 211]]
[[208 208] [209 210]]
[[208 208] [209 210]]
[[210 208] [208 209]]
[[211 210] [210 210]]
[[211 210] [210 210]]
[[212 210] [210 209]]
[[203 203] [204 205]]
[[202 203] [203 204]]
[[199 199] [200 202]]
[[206 205] [205 205]]
[[202 202] [203 204]]
[[199 199] [200 202]]
[[202 203] [203 204]]
[[207 206] [206 206]]
[[217 211] [211 215]]
[[186 186] [187 191]]
[[210 208] [208 209]]
[[207 207] [208 209]]
[[209 209] [210 211]]
[[209 209] [210 211]]
[[206 206] [207 208]]
[[207 209] [209 211]]
[[200 200] [201 203]]
[[200 200] [201 202]]
[[201 201] [202 203]]
[[203 203] [204 205]]
[[205 204] [204 204]]
[[205 204] [204 204]]
[[215 215] [216 219]]
[[170 170] [171 175]]
[[144 144] [145 150]]
[[207 206] [206 206]]
[[209 209] [210 211]]
[[209 209] [210 211]]
[[208 208] [209 210]]
[[210 209] [209 210]]
[[212 211] [211 211]]
[[204 204] [205 206]]
[[206 205] [205 207]]
[[209 209] [210 212]]
[[205 204] [204 206]]
[[201 201] [202 203]]
[[202 202] [203 204]]
[[205 204] [204 206]]
[[205 206] [206 208]]
[[206 206] [206 211]]
[[166 166] [167 171]]
[[168 168] [169 171]]
[[206 206] [206 207]]
[[208 208] [209 210]]
[[207 207] [208 209]]
[[210 208] [208 209]]
[[203 203] [204 205]]
[[202 203] [203 204]]
[[207 208] [208 209]]
[[177 177] [178 179]]
[[172 171] [171 172]]
[[168 170] [170 174]]
[[208 208] [209 210]]
[[212 212] [212 214]]
[[210 208] [208 209]]
[[210 208] [208 209]]
[[198 199] [199 205]]
[[210 208] [208 209]]
[[208 208] [209 212]]
[[210 207] [207 209]]
[[206 206] [207 209]]
[[208 207] [207 209]]
[[207 208] [208 209]]
[[201 201] [202 204]]
[[201 201] [202 203]]
[[200 200] [201 202]]
[[197 197] [198 201]]
[[203 203] [204 205]]
[[202 203] [203 205]]
[[204 204] [205 207]]
[[208 208] [209 213]]
[[184 184] [185 193]]
[[162 163] [163 168]]
[[214 214] [215 216]]
[[207 208] [208 209]]
[[215 214] [214 215]]
[[209 209] [210 211]]
[[203 203] [204 205]]
[[199 199] [200 201]]
[[205 203] [203 203]]
[[206 205] [205 207]]
[[206 205] [205 206]]
[[206 206] [207 209]]
[[169 165] [165 162]]
[[214 212] [212 211]]
[[204 204] [205 206]]
[[205 205] [206 208]]
[[205 205] [206 208]]
[[203 203] [204 204]]
[[205 203] [203 204]]
[[210 210] [211 212]]
[[207 210] [210 213]]
[[196 197] [197 199]]
[[168 171] [171 178]]
[[171 170] [170 175]]
[[210 210] [211 212]]
[[201 200] [200 201]]
[[200 200] [201 203]]
[[199 199] [200 201]]
[[202 203] [203 204]]
[[198 198] [199 200]]
[[199 198] [198 199]]
[[207 206] [206 208]]
[[173 173] [174 192]]
[[205 205] [206 220]]
[[213 212] [212 212]]
[[215 213] [213 212]]
[[211 211] [212 214]]
[[205 204] [204 205]]
[[218 215] [215 214]]
[[209 209] [210 213]]
[[208 208] [209 217]]
[[198 198] [199 202]]
[[196 197] [197 198]]
[[201 198] [198 198]]
[[195 195] [196 198]]
[[206 206] [207 208]]
